1
11
12
16
19
35
36
42
46
47
51
54
55
62
63
64
68
72
73
82
83
84
86
97
98
108
113
120
121
126
139
145
146
155
159
164
173
174
175
201
204
209
223
225
236
244
271
285
289
296
305
316
322
345
419
420
421
434
436
456
471
479
485
486
496
498
501
507
512
517
520
544
547
557
558
559
564
583
589
599
601
604
624
678
696
706
707
708
709
765
768
770
778
792
794
807
836
837
840
848
863
864
917
940
949
950
953
954
955
956
957
960
961
965
966
974
1001
1154
1155
1159
1167
1182
1183
1188
1250
1257
1259
1268
1281
1282
1283
1284
1290
1329
1353
1354
1359
1366
1375
1377
1396
1448
1460
1550
1563
1565
1607
1631
1651
1685
1686
1703
1748
1837
1848
1860
1872
1874
1896
1921
1937
1939
1951
1952
2040
2041
2060
2079
2098
2145
2160
2273
2276
2306
2509
2511
2554
2568
2573
2600
2609
2688
2726
2770
2786
2804
2853
2861
2866
2942
3005
3048
3139
3268
3479
3536
3674
3760
3777
3785
3795
4014
4017
4047
4074
4085
4227
4230
4290
4300
4358
4558
4715
4980
4994
5141
5164
5308
5340
5341
5342
5343
5347
5348
5632
5660
5699
5703
5747
5754
5757
5830
5897
5965
5977
6086
6087
6133
6308
6418
6437
6440
6468
6480
6630
6714
6717
6852
6903
6987
7052
7154
7155
7303
7401
7434
7435
7498
7815
7884
7889
7974
8123
8188
8199
8673
8681
8735
8938
8994
8995
9194
9297
9377
9415
9746
9756
9807
9834
9845
9862
9909
9963
9990
10002
10007
10067
10317
10430
10556
10662
10743
10966
11082
11128
11252
11323
11451
11574
12122
12187
12259
12509
12847
12932
13054
13183
13215
13227
13243
13305
13372
13375
13404
13423
13567
13716
13752
13783
13815
13882
13897
13944
14301
14332
14534
14813
14875
14883
15281
15493
15651
15694
15769
15798
15868
16100
16196
16259
16339
16720
16921
17355
17412
17597
17763
17851
17866
17870
17958
18019
18105
18109
18137
18139
18172
18247
18361
18387
18420
18458
18492
18505
18520
18581
18602
18614
18668
18753
18761
18768
18786
18817
18846
19027
19066
19079
19111
19207
19231
19337
19360
19369
19471
19476
19660
19672
19726
19963
19964
19977
20081
20147
20154
20163
20212
20219
20472
20494
20519
20546
20551
20553
20559
20606
20707
20730
20739
20781
20782
20795
20796
20838
20856
20857
20859
20877
20898
20912
20919
20988
21051
21094
21279
21298
21315
21510
21530
21541
21568
21582
21626
21627
21632
21656
21687
21715
21782
21873
21891
21897
21953
21988
22031
22073
22102
22110
22132
22154
22171
22216
22226
22227
22234
22239
22301
22346
22426
22462
22466
22470
22512
22513
22524
22526
22538
22540
22541
22544
22545
22549
22559
22560
22579
22585
22589
22590
22596
22597
22623
22693
22763
22866
22867
22869
22890
22892
22893
22895
22958
22967
23028
23091
23099
23102
23103
23104
23146
23147
23148
23149
23153
23159
23160
23161
23162
23164
23169
23185
23194
23197
23198
23210
23232
23292
23301
23308
23335
23337
23339
23379
23408
23426
23429
23443
23509
23534
23535
23568
23571
23588
23591
23592
23599
23625
23651
23661
23669
23678
23688
23762
23767
23790
23799
23831
23868
23889
23920
23928
23929
23930
24101
24118
24119
24121
24122
24150
24151
24152
24161
24180
24187
24189
24192
24196
24221
24246
24277
24278
24282
24283
24375
24380
24382
24392
24395
24397
24399
24418
24459
24495
24517
24543
24558
24566
24567
24655
24721
24737
24750
24791
24792
24864
24865
24870
24913
24927
24928
24949
24955
24958
24965
24966
24973
24975
24977
25024
25035
25067
25078
25086
25295
25438
25496
25564
25567
25581
25627
25628
25629
25684
25776
25862
26010
26066
26093
26140
26168
26180
26190
26191
26205
26206
26332
26521
26536
26569
26743
26751
26761
26772
26782
26795
26843
26855
26856
26867
26882
26883
26890
26906
26917
26936
26941
26955
26956
26957
26966
26967
26968
26989
27013
27019
27053
27089
27110
27143
27248
27307
27383
27392
27444
27464
27491
27492
27588
27595
27609
27631
27645
27665
27696
27730
27756
27797
27827
27921
27968
28030
28031
28045
28047
28048
28062
28063
28071
28111
28118
28119
28156
28215
28437
28438
28450
28451
28453
28518
28535
28543
28550
28554
28583
28608
28628
28644
28645
28646
28647
28650
28698
28705
28767
28832
28883
28892
28893
28894
28922
28924
28933
28953
28954
29027
29038
29046
29053
29060
29069
29118
29133
29135
29138
29139
29140
29142
29146
29149
29159
29160
29168
29170
29177
29190
29194
29195
29196
29202
29205
29209
29240
29242
29272
29283
29290
29293
29298
29299
29303
29308
29310
29317
29326
29328
29354
29355
29356
29384
29389
29390
29408
29410
29416
29418
29421
29437
29445
29446
29457
29458
29466
29475
29488
29492
29503
29535
29542
29559
29578
29599
29601
29618
29619
29620
29623
29625
29632
29643
29680
29698
29702
29717
29720
29727
29735
29742
29749
29750
29771
29790
29791
29793
29794
29822
29832
29889
29897
29908
29910
29931
29947
29948
29954
29962
29963
29965
29966
29975
29976
29987
30002
30004
30010
30014
30015
30034
30044
30045
30062
30063
30086
30170
30189
30199
30214
30240
30242
30252
30267
30283
30303
30305
30307
30311
30329
30330
30348
30353
30361
30379
30380
30381
30382
30383
30399
30405
30416
30427
30437
30454
30457
30468
30474
30475
30476
30486
30491
30637
30679
30715
30767
30828
30884
30971
31038
31062
31207
31215
31262
31287
31324
31355
31364
31469
31501
31547
31583
31599
31619
31651
31665
31716
31736
31767
31778
31840
31841
31897
31922
31929
31948
31956
31962
31979
31981
32026
32029
32054
32076
32077
32079
32104
32108
32127
32131
32162
32181
32207
32208
32209
32230
32303
32317
32321
32359
32360
32398
32427
32447
32498
32530
32541
32562
32563
32574
32579
32584
32587
32654
32657
32664
32688
32697
32705
32734
32737
32759
32801
32903
33642
33644
33662
33871
33934
33969
34420
34732
35247
35304
35759
37820
39572
40953
40970
40991
40993
41029
41049
41622
41624
41627
41714
41905
41981
42111
42182
42183
42188
42914
43038
43041
43048
43235
45858
46534
46535
49693
49754
49762
49767
49809
49826
49897
49901
50133
50332
50571
50682
50702
50713
50736
50766
50774
50783
50796
50800
50802
50818
50826
50827
50835
50842
50848
50863
50869
50877
50889
50890
50892
50893
50921
50923
50924
50928
50936
50945
50948
50959
50969
50971
50980
50981
50988
50989
51008
51027
51028
51035
51047
51074
51076
51081
51091
51092
51115
51122
51129
51132
51136
51137
51148
51150
51153
51167
51170
51171
51185
51193
51194
51201
51202
51203
51231
51232
51234
51247
51249
51256
51257
51268
51273
51274
51297
51304
51311
51330
51331
51336
51362
51379
51396
51397
51407
51408
51420
51421
51445
51460
51475
51478
51494
51498
51508
51519
51533
51534
51546
51550
51570
51571
51576
51588
51596
51597
51603
51605
51609
51610
51616
51651
51656
51662
51663
51668
51669
51682
51687
51699
51727
51736
51740
51751
51758
51759
51767
51773
51801
51805
51814
51823
51824
51834
51842
51844
51854
51866
